 10.0  10.0 110.0 110.0 low
110.0  10.0 210.0 110.0 low
210.0  10.0 310.0 110.0 low
310.0  10.0 410.0 110.0 low
410.0  10.0 510.0 110.0 low
510.0  10.0 610.0 110.0 medium
 10.0 110.0 110.0 210.0 medium
110.0 110.0 210.0 210.0 low
210.0 110.0 310.0 210.0 low
310.0 110.0 410.0 210.0 low
410.0 110.0 510.0 210.0 medium
510.0 110.0 610.0 210.0 medium
 10.0 210.0 110.0 310.0 medium
110.0 210.0 210.0 310.0 low
210.0 210.0 310.0 310.0 medium
310.0 210.0 410.0 310.0 medium
410.0 210.0 510.0 310.0 low
510.0 210.0 610.0 310.0 medium
 10.0 310.0 110.0 410.0 low
110.0 310.0 210.0 410.0 low
210.0 310.0 310.0 410.0 medium
310.0 310.0 410.0 410.0 medium
410.0 310.0 510.0 410.0 low
510.0 310.0 610.0 410.0 medium
 10.0 410.0 110.0 510.0 low
110.0 410.0 210.0 510.0 low
210.0 410.0 310.0 510.0 low
310.0 410.0 410.0 510.0 low
410.0 410.0 510.0 510.0 low
510.0 410.0 610.0 510.0 medium
 10.0 510.0 110.0 610.0 medium
110.0 510.0 210.0 610.0 low
210.0 510.0 310.0 610.0 medium
310.0 510.0 410.0 610.0 medium
410.0 510.0 510.0 610.0 low
510.0 510.0 610.0 610.0 medium
